0.999
0.996
0.97
0.799
0.297
0.009
0.006
0.006
0.01
0.011
0.003
0.001
0
0
0
0
0
0
0
0
0.999
0.996
0.982
0.907
0.729
0.478
0.246
0.282
0.358
0.326
0.216
0.104
0.062
0.009
0
0
0
0
0
0
0.999
0.997
0.992
0.976
0.926
0.817
0.714
0.63
0.564
0.528
0.488
0.444
0.349
0.125
0
0
0
0
0
0
0.999
0.997
0.991
0.966
0.843
0.431
0.079
0.067
0.09
0.195
0.269
0.249
0.124
0.006
0
0
0
0
0
0
0.999
0.998
0.993
0.975
0.914
0.712
0.361
0.113
0.052
0.005
0.002
0.006
0
0
0
0
0
0
0
0
0.999
0.997
0.987
0.938
0.837
0.762
0.674
0.542
0.286
0.019
0
0
0
0
0
0
0
0
0
0
0.999
0.997
0.981
0.866
0.38
0.125
0.133
0.143
0.055
0.006
0.003
0
0
0
0
0
0
0
0
0
0.999
0.998
0.991
0.941
0.777
0.547
0.263
0.116
0.104
0.238
0.266
0.119
0.001
0
0
0
0
0
0
0
0.999
0.998
0.993
0.975
0.937
0.871
0.799
0.712
0.655
0.608
0.539
0.379
0.074
0
0
0
0
0
0
0
0.999
0.997
0.983
0.904
0.659
0.305
0.222
0.409
0.414
0.287
0.124
0.048
0.001
0
0
0
0
0
0
0
0.999
0.996
0.974
0.828
0.39
0.018
0.003
0.003
0.003
0.002
0.001
0
0
0
0
0
0
0
0
0
0.999
0.996
0.972
0.791
0.26
0.004
0.003
0.004
0.003
0.005
0.001
0
0
0
0
0
0
0
0
0
0.999
0.997
0.984
0.905
0.764
0.623
0.476
0.299
0.184
0.251
0.202
0.034
0
0
0
0
0
0
0
0
0.999
0.999
0.995
0.986
0.955
0.888
0.824
0.761
0.703
0.651
0.527
0.224
0
0
0
0
0
0
0
0
0.999
0.998
0.994
0.968
0.835
0.456
0.148
0.328
0.443
0.299
0.093
0.007
0
0
0
0
0
0
0
0
0.999
0.998
0.993
0.966
0.826
0.407
0.03
0.019
0.041
0.014
0.002
0.002
0
0
0
0
0
0
0
0
0.999
0.998
0.993
0.973
0.877
0.569
0.161
0.036
0.14
0.218
0.22
0.186
0.101
0.005
0
0
0
0
0
0
0.999
0.998
0.993
0.984
0.958
0.885
0.803
0.733
0.681
0.645
0.61
0.555
0.41
0.11
0
0
0
0
0
0
0.999
0.996
0.972
0.859
0.679
0.463
0.263
0.308
0.376
0.333
0.227
0.143
0.08
0.005
0
0
0
0
0
0
0.999
0.994
0.946
0.63
0.094
0.008
0.007
0.007
0.009
0.008
0.003
0.001
0
0
0
0
0
0
0
0

